AUX SABLE 01 366 0 483 0 7 0 0 0 0 0 0 0 0 0 0 856 4 0 0
AUX SABLE 02 198 0 410 0 5 0 0 0 0 0 0 0 0 0 0 613 3 1 0
AUX SABLE 03 258 0 402 0 14 0 0 0 0 0 0 0 0 0 0 674 4 2 0
AUX SABLE 04 548 0 866 0 15 0 0 1 0 0 0 3 0 0 0 1433 7 0 0
AUX SABLE 05 480 0 679 0 24 0 0 3 0 0 0 1 0 0 0 1187 2 2 0
AUX SABLE 06 582 0 1030 0 24 0 0 0 0 0 0 0 0 0 0 1636 11 1 0
AUX SABLE 07 399 0 551 0 11 0 0 0 0 0 1 0 0 0 0 962 3 2 0
BRACEVILLE 01 337 0 749 0 26 0 0 2 0 0 0 4 0 0 0 1118 2 0 0
BRACEVILLE 02 173 0 448 0 8 0 0 0 0 0 0 0 0 0 0 629 3 1 0
BRACEVILLE 03 220 0 565 0 17 0 0 0 0 0 0 1 0 0 0 803 5 0 0
BRACEVILLE 04 249 0 481 0 13 0 0 1 0 0 0 1 0 0 0 745 5 2 0
ERIENNA 01 386 0 580 0 10 0 0 2 0 0 0 0 0 0 0 978 10 1 0
ERIENNA 02 187 0 391 0 13 0 0 0 0 0 0 0 0 0 0 591 3 2 0
FELIX 01 205 0 405 0 8 0 0 0 0 0 0 0 0 0 0 618 5 1 0
FELIX 02 190 0 482 0 6 0 0 0 0 0 0 1 0 0 0 679 3 1 0
FELIX 03 137 0 243 0 6 0 0 1 0 0 0 2 0 0 0 389 4 1 0
FELIX 04 198 0 283 0 5 0 0 0 0 0 0 0 0 0 0 486 5 0 0
GARFIELD 01 213 0 509 0 12 0 0 0 0 0 0 0 0 0 0 734 9 1 0
GOODFARM 01 50 0 143 0 1 0 0 0 0 0 0 0 0 0 0 194 2 0 0
GOOSE LAKE 01 171 0 344 0 5 0 0 1 0 0 0 0 0 0 0 521 1 0 0
GOOSE LAKE 02 181 0 454 0 3 0 0 0 0 0 0 0 0 0 0 638 4 0 0
GREENFIELD 01 196 0 323 0 9 0 0 0 0 0 0 0 0 0 0 528 2 0 0
HIGHLAND 01 30 0 112 0 2 0 0 0 0 0 0 0 0 0 0 144 0 0 0
MAINE 01 38 0 136 0 4 0 0 1 0 0 0 0 0 0 0 179 0 0 0
MAZON 01 185 0 526 0 14 0 0 1 0 0 0 0 0 0 0 726 7 0 0
MORRIS 01 245 0 364 0 7 0 0 2 0 1 0 2 0 0 0 621 8 0 0
MORRIS 02 241 0 379 0 8 0 0 0 0 0 0 3 0 0 0 631 5 1 0
MORRIS 03 221 0 338 0 11 0 0 0 0 0 0 0 0 0 0 570 5 0 0
MORRIS 04 245 0 390 0 10 0 0 1 0 1 0 0 0 0 0 647 6 0 0
MORRIS 05 254 0 332 0 9 0 0 0 0 0 0 0 0 0 0 595 2 0 0
NETTLE CREEK 01 74 0 233 0 4 0 0 0 0 0 0 0 0 0 0 311 2 0 0
NORMAN 01 66 0 138 0 5 0 0 0 0 0 0 0 0 0 0 209 1 0 0
SARATOGA 01 226 0 366 0 8 0 0 0 0 0 0 2 0 0 0 602 4 0 0
SARATOGA 02 146 0 323 0 4 0 0 0 0 0 0 0 0 0 0 473 2 0 0
SARATOGA 03 198 0 327 0 12 0 0 0 0 0 0 0 0 0 0 537 5 0 0
SARATOGA 04 395 0 700 0 19 0 0 0 0 0 1 3 0 0 0 1118 13 2 0
SARATOGA 05 131 0 370 0 4 0 0 0 0 0 0 2 0 0 0 507 4 2 0
VIENNA 01 99 0 257 0 11 0 0 1 0 0 0 1 0 0 0 369 1 0 0
WAUPONSEE 01 221 0 439 0 12 0 0 1 0 0 0 2 0 0 0 675 3 0 0
WAUPONSEE 02 204 0 446 0 13 0 0 0 0 0 0 0 0 0 0 663 9 0 0